,question,worker,answer
1180,1,ATQWZNGQCN1RA,0
1181,1,AKBP92VUQ7G3,0
1178,1,A3E157ZN8XPUKJ,3
2700,2,A2UFD1I8ZO1V4G,2
2707,2,AD317NO9623GZ,0
2702,2,A1BHMDRWW9ZYSO,3
3124,3,A3E157ZN8XPUKJ,0
3122,3,A2V3P1XE33NYC3,2
3123,3,A2UFD1I8ZO1V4G,2
4031,4,A2UFD1I8ZO1V4G,0
4038,4,AD317NO9623GZ,1
4030,4,A2V3P1XE33NYC3,0
5056,5,A3NU1SQPI1NXY4,1
5054,5,AM2W23THD4CI7,1
5053,5,A2V3P1XE33NYC3,1
899,6,A2V3P1XE33NYC3,1
906,6,ATQWZNGQCN1RA,1
907,6,AD317NO9623GZ,0
1837,7,A3E157ZN8XPUKJ,0
1834,7,A3NU1SQPI1NXY4,0
1836,7,A2UFD1I8ZO1V4G,0
2782,8,A2AM6H3R1LSM9S,3
2787,8,ATQWZNGQCN1RA,2
2786,8,A3E157ZN8XPUKJ,2
3828,9,AKBP92VUQ7G3,1
3827,9,A2UFD1I8ZO1V4G,1
3824,9,A2H321P1NSEW35,1
2346,10,AKBP92VUQ7G3,0
2347,10,A2BERTY629PZDT,0
2344,10,A3NU1SQPI1NXY4,0
2339,11,AD317NO9623GZ,0
2335,11,A3NU1SQPI1NXY4,0
2336,11,A2UFD1I8ZO1V4G,0
2360,12,A2H321P1NSEW35,0
2363,12,A2UFD1I8ZO1V4G,0
2365,12,A2BERTY629PZDT,3
2355,13,ATQWZNGQCN1RA,0
2354,13,A2UFD1I8ZO1V4G,0
2352,13,AD317NO9623GZ,0
2385,14,A1C0Z73809FFDZ,1
2380,14,A3NU1SQPI1NXY4,1
2384,14,A3E157ZN8XPUKJ,1
2369,15,A2H321P1NSEW35,0
2375,15,A3E157ZN8XPUKJ,2
2368,15,AKBP92VUQ7G3,0
2395,16,A2H321P1NSEW35,0
2396,16,AD317NO9623GZ,1
2397,16,A3NU1SQPI1NXY4,0
2387,17,AKBP92VUQ7G3,0
2391,17,A2UFD1I8ZO1V4G,2
2390,17,AD317NO9623GZ,2
2417,18,A2UFD1I8ZO1V4G,3
2412,18,A1PAR1TMKFPKQE,2
2420,18,ATQWZNGQCN1RA,1
2411,19,ATQWZNGQCN1RA,0
2405,19,A2V3P1XE33NYC3,2
2408,19,A2UFD1I8ZO1V4G,3
1460,20,A2UFD1I8ZO1V4G,0
1459,20,AD317NO9623GZ,3
1456,20,AKBP92VUQ7G3,0
1469,21,A2V3P1XE33NYC3,3
1471,21,AKBP92VUQ7G3,3
1472,21,A1PAR1TMKFPKQE,3
1476,22,A3E157ZN8XPUKJ,0
1478,22,A2V3P1XE33NYC3,0
1477,22,A3NU1SQPI1NXY4,0
1485,23,A3E157ZN8XPUKJ,1
1483,23,A2UFD1I8ZO1V4G,1
1490,23,A1PAR1TMKFPKQE,1
1420,24,A2UFD1I8ZO1V4G,2
1426,24,AKBP92VUQ7G3,0
1425,24,AD317NO9623GZ,2
1435,25,A3NU1SQPI1NXY4,1
1428,25,AD317NO9623GZ,1
1436,25,A1PAR1TMKFPKQE,1
1443,26,AKBP92VUQ7G3,0
1438,26,A2V3P1XE33NYC3,3
1445,26,A1PAR1TMKFPKQE,0
1451,27,ATQWZNGQCN1RA,2
1446,27,AD317NO9623GZ,2
1450,27,A2UFD1I8ZO1V4G,2
1493,28,A2H321P1NSEW35,3
1498,28,A3NU1SQPI1NXY4,3
1495,28,A2UFD1I8ZO1V4G,3
1508,29,A2UFD1I8ZO1V4G,3
1501,29,A1PAR1TMKFPKQE,3
1505,29,A2V3P1XE33NYC3,2
680,30,A3NU1SQPI1NXY4,1
682,30,A2UFD1I8ZO1V4G,1
679,30,A2V3P1XE33NYC3,1
672,31,AKBP92VUQ7G3,0
666,31,A1PAR1TMKFPKQE,0
665,31,A3GLUDQZGEJL5G,0
663,32,AKBP92VUQ7G3,3
658,32,ATQWZNGQCN1RA,3
661,32,A2V3P1XE33NYC3,3
649,33,A2UFD1I8ZO1V4G,3
654,33,AKBP92VUQ7G3,0
652,33,A3NU1SQPI1NXY4,1
714,34,AM2W23THD4CI7,0
718,34,A2H321P1NSEW35,0
715,34,A3NU1SQPI1NXY4,1
702,35,A3E157ZN8XPUKJ,1
703,35,A2UFD1I8ZO1V4G,3
707,35,A2V3P1XE33NYC3,0
693,36,A3E157ZN8XPUKJ,1
699,36,AKBP92VUQ7G3,0
697,36,A3NU1SQPI1NXY4,0
684,37,A2UFD1I8ZO1V4G,1
686,37,A2AM6H3R1LSM9S,0
691,37,A3NU1SQPI1NXY4,1
645,38,A3E157ZN8XPUKJ,1
644,38,AD317NO9623GZ,1
646,38,A3NU1SQPI1NXY4,1
635,39,AD317NO9623GZ,0
637,39,A3NU1SQPI1NXY4,0
630,39,A2UFD1I8ZO1V4G,0
5041,40,AD317NO9623GZ,0
5042,40,A3E157ZN8XPUKJ,0
5038,40,A2AM6H3R1LSM9S,3
5051,41,ATQWZNGQCN1RA,3
5048,41,AM2W23THD4CI7,3
5047,41,A1PAR1TMKFPKQE,3
5018,42,A2UFD1I8ZO1V4G,1
5021,42,AM2W23THD4CI7,1
5023,42,A3KAJ085J9OR0Z,1
5028,43,A2V3P1XE33NYC3,3
5033,43,ATQWZNGQCN1RA,0
5031,43,A3NU1SQPI1NXY4,3
5007,44,AKBP92VUQ7G3,0
4999,44,AD317NO9623GZ,2
5000,44,A2UFD1I8ZO1V4G,3
5011,45,A3NU1SQPI1NXY4,0
5008,45,A2V3P1XE33NYC3,3
5010,45,ATQWZNGQCN1RA,2
4989,46,A2H321P1NSEW35,0
4987,46,AKBP92VUQ7G3,0
4982,46,A1PAR1TMKFPKQE,3
4992,47,ATQWZNGQCN1RA,3
4998,47,A2H321P1NSEW35,2
4996,47,AKBP92VUQ7G3,2
4969,48,AKBP92VUQ7G3,1
4968,48,A2UFD1I8ZO1V4G,2
4967,48,A3E157ZN8XPUKJ,1
4976,49,A1PAR1TMKFPKQE,1
4974,49,AD317NO9623GZ,1
4973,49,A2UFD1I8ZO1V4G,1
4271,50,AKBP92VUQ7G3,0
4263,50,A3E157ZN8XPUKJ,1
4265,50,AD317NO9623GZ,0
4256,51,AD317NO9623GZ,0
4259,51,A3NU1SQPI1NXY4,0
4257,51,A2V3P1XE33NYC3,3
4281,52,A3E157ZN8XPUKJ,1
4287,52,ATQWZNGQCN1RA,1
4282,52,A2UFD1I8ZO1V4G,3
4277,53,ATQWZNGQCN1RA,0
4279,53,A2H321P1NSEW35,0
4275,53,AY5QPUSEADPBG,1
4232,54,ATQWZNGQCN1RA,3
4233,54,A3NU1SQPI1NXY4,3
4231,54,A2V3P1XE33NYC3,2
4220,55,AKBP92VUQ7G3,0
4224,55,A3NU1SQPI1NXY4,1
4225,55,A2H321P1NSEW35,0
4249,56,A2V3P1XE33NYC3,3
4252,56,A2H321P1NSEW35,2
4250,56,ATQWZNGQCN1RA,3
4237,57,A2V3P1XE33NYC3,1
4243,57,A1PAR1TMKFPKQE,0
4240,57,A2UFD1I8ZO1V4G,0
4211,58,AKBP92VUQ7G3,0
4212,58,A2AM6H3R1LSM9S,2
4210,58,A2V3P1XE33NYC3,3
4206,59,ATQWZNGQCN1RA,2
4203,59,A2AM6H3R1LSM9S,3
4201,59,A2V3P1XE33NYC3,3
3412,60,AKBP92VUQ7G3,0
3416,60,ATQWZNGQCN1RA,0
3413,60,A2AM6H3R1LSM9S,0
3423,61,A2V3P1XE33NYC3,3
3420,61,AD317NO9623GZ,3
3427,61,A3E157ZN8XPUKJ,2
2427,62,A1PAR1TMKFPKQE,1
2428,62,AM2W23THD4CI7,1
2422,62,AD317NO9623GZ,1
3441,63,A2V3P1XE33NYC3,2
3443,63,A1PAR1TMKFPKQE,3
3442,63,A2UFD1I8ZO1V4G,3
3448,64,AKBP92VUQ7G3,0
3449,64,A3NU1SQPI1NXY4,0
3447,64,AD317NO9623GZ,0
3458,65,A3NU1SQPI1NXY4,2
3461,65,A3E157ZN8XPUKJ,2
3459,65,A2UFD1I8ZO1V4G,3
3466,66,ATQWZNGQCN1RA,1
3465,66,AD317NO9623GZ,1
3470,66,A3E157ZN8XPUKJ,1
3474,67,AD317NO9623GZ,0
3481,67,A1BHMDRWW9ZYSO,0
3480,67,AKBP92VUQ7G3,3
3486,68,A2UFD1I8ZO1V4G,0
3482,68,A2V3P1XE33NYC3,0
3485,68,A3NU1SQPI1NXY4,0
3492,69,A3NU1SQPI1NXY4,0
3496,69,AD317NO9623GZ,0
3499,69,A2V3P1XE33NYC3,2
2675,70,A1PAR1TMKFPKQE,0
2672,70,A3E157ZN8XPUKJ,0
2679,70,AKBP92VUQ7G3,0
2664,71,A3NU1SQPI1NXY4,1
2669,71,ATQWZNGQCN1RA,1
2663,71,A3E157ZN8XPUKJ,0
2659,72,AD317NO9623GZ,0
2655,72,A3NU1SQPI1NXY4,0
2658,72,A36JZTUKQVV5S5,0
2648,73,A2F0X4LN9N4O4C,3
2645,73,A2H321P1NSEW35,3
2649,73,ATQWZNGQCN1RA,3
2636,74,A2H321P1NSEW35,0
2642,74,A3NU1SQPI1NXY4,1
2637,74,AD317NO9623GZ,0
2630,75,A2F0X4LN9N4O4C,2
2635,75,A2V3P1XE33NYC3,2
2629,75,A2UFD1I8ZO1V4G,2
2621,76,A2F0X4LN9N4O4C,1
2625,76,AKBP92VUQ7G3,1
2622,76,ATQWZNGQCN1RA,1
2617,77,AWRAXV1RIYR0M,0
2610,77,AKBP92VUQ7G3,2
2611,77,A2V3P1XE33NYC3,2
2695,78,A2UFD1I8ZO1V4G,3
2696,78,A3E157ZN8XPUKJ,3
2692,78,A2V3P1XE33NYC3,3
2682,79,AKBP92VUQ7G3,0
2687,79,A3E157ZN8XPUKJ,0
2686,79,A2UFD1I8ZO1V4G,0
4946,80,ATQWZNGQCN1RA,1
4948,80,A2V3P1XE33NYC3,1
4953,80,A3NU1SQPI1NXY4,1
1786,81,A2BERTY629PZDT,1
1790,81,A2V3P1XE33NYC3,1
1791,81,A3NU1SQPI1NXY4,1
1761,82,AKBP92VUQ7G3,0
1763,82,A2V3P1XE33NYC3,3
1764,82,A3NU1SQPI1NXY4,0
1772,83,A2V3P1XE33NYC3,2
1770,83,AKBP92VUQ7G3,2
1773,83,A3NU1SQPI1NXY4,2
1820,84,A1BHMDRWW9ZYSO,0
1819,84,A2H321P1NSEW35,0
1814,84,AD317NO9623GZ,0
1823,85,ATQWZNGQCN1RA,0
1830,85,A3NU1SQPI1NXY4,1
1828,85,A3E157ZN8XPUKJ,1
1796,86,ATQWZNGQCN1RA,0
1802,86,A1VW9W0DWXCPYE,0
1800,86,A1PAR1TMKFPKQE,0
1811,87,A1VW9W0DWXCPYE,2
1808,87,A2UFD1I8ZO1V4G,0
1805,87,ATQWZNGQCN1RA,0
4831,88,ATQWZNGQCN1RA,2
4835,88,A1PAR1TMKFPKQE,0
4833,88,A2V3P1XE33NYC3,3
1722,89,AKBP92VUQ7G3,0
1718,89,AD317NO9623GZ,0
1720,89,A2V3P1XE33NYC3,0
939,90,AD317NO9623GZ,2
940,90,A3NU1SQPI1NXY4,2
943,90,AKBP92VUQ7G3,0
934,91,AKBP92VUQ7G3,0
932,91,A2V3P1XE33NYC3,3
933,91,A2H321P1NSEW35,0
961,92,AKBP92VUQ7G3,1
956,92,A2UFD1I8ZO1V4G,1
960,92,A2H321P1NSEW35,1
951,93,A2V3P1XE33NYC3,1
952,93,AD317NO9623GZ,1
945,93,AKBP92VUQ7G3,1
976,94,A3NU1SQPI1NXY4,1
971,94,A2UFD1I8ZO1V4G,3
977,94,A3E157ZN8XPUKJ,3
964,95,ATQWZNGQCN1RA,0
969,95,A2V3P1XE33NYC3,0
967,95,A3NU1SQPI1NXY4,2
996,96,A2V3P1XE33NYC3,2
989,96,A2UFD1I8ZO1V4G,2
991,96,ATQWZNGQCN1RA,2
981,97,A1BHMDRWW9ZYSO,1
983,97,AD317NO9623GZ,3
985,97,ATQWZNGQCN1RA,1
922,98,ATQWZNGQCN1RA,1
921,98,A3NU1SQPI1NXY4,1
925,98,A2V3P1XE33NYC3,1
908,99,AKBP92VUQ7G3,2
909,99,A1BHMDRWW9ZYSO,2
910,99,A3E157ZN8XPUKJ,3
583,100,A2V3P1XE33NYC3,3
578,100,AD317NO9623GZ,0
575,100,AKBP92VUQ7G3,0
585,101,AD317NO9623GZ,3
588,101,A3NU1SQPI1NXY4,3
584,101,A2UFD1I8ZO1V4G,2
560,102,AY5QPUSEADPBG,2
565,102,AKBP92VUQ7G3,0
562,102,A2V3P1XE33NYC3,3
569,103,AY5QPUSEADPBG,0
573,103,ATQWZNGQCN1RA,0
567,103,AD317NO9623GZ,3
616,104,A2V3P1XE33NYC3,1
612,104,AD317NO9623GZ,1
618,104,ATQWZNGQCN1RA,1
620,105,A2V3P1XE33NYC3,3
621,105,ATQWZNGQCN1RA,0
628,105,A3NU1SQPI1NXY4,3
600,106,AKBP92VUQ7G3,1
593,106,A2V3P1XE33NYC3,1
595,106,A1BHMDRWW9ZYSO,1
602,107,A2V3P1XE33NYC3,0
607,107,A2H321P1NSEW35,0
608,107,A2UFD1I8ZO1V4G,0
543,108,AD317NO9623GZ,0
541,108,A1BHMDRWW9ZYSO,0
539,108,A2V3P1XE33NYC3,0
548,109,A2V3P1XE33NYC3,2
555,109,A1KZOLS51I9SS7,2
553,109,ATQWZNGQCN1RA,2
4430,110,ATQWZNGQCN1RA,1
4426,110,A2H321P1NSEW35,1
4425,110,A2V3P1XE33NYC3,1
4420,111,AD317NO9623GZ,2
4424,111,A3NU1SQPI1NXY4,2
4419,111,A1PAR1TMKFPKQE,0
4938,112,A2H321P1NSEW35,1
4940,112,A1PAR1TMKFPKQE,3
4941,112,AD317NO9623GZ,1
4434,113,A1BHMDRWW9ZYSO,0
4441,113,ATQWZNGQCN1RA,3
4442,113,A2UFD1I8ZO1V4G,0
4389,114,A1BHMDRWW9ZYSO,3
4390,114,A2V3P1XE33NYC3,3
4392,114,A3NU1SQPI1NXY4,3
4381,115,A2V3P1XE33NYC3,0
4383,115,A3NU1SQPI1NXY4,0
4382,115,A1VW9W0DWXCPYE,0
4413,116,AKBP92VUQ7G3,2
4409,116,A1VW9W0DWXCPYE,3
4414,116,ATQWZNGQCN1RA,0
4401,117,A2UFD1I8ZO1V4G,3
4399,117,A53VNQRRFQ785,2
4404,117,A2H321P1NSEW35,0
4465,118,AD317NO9623GZ,3
4466,118,A2V3P1XE33NYC3,3
4468,118,A3NU1SQPI1NXY4,3
4457,119,A2V3P1XE33NYC3,1
4453,119,A53VNQRRFQ785,1
4456,119,AD317NO9623GZ,1
2810,120,A2UFD1I8ZO1V4G,0
2809,120,AKBP92VUQ7G3,0
2814,120,A3NU1SQPI1NXY4,0
2820,121,A1BHMDRWW9ZYSO,0
2824,121,A3E157ZN8XPUKJ,0
2822,121,A3NU1SQPI1NXY4,0
2825,122,AD317NO9623GZ,1
2833,122,A3E157ZN8XPUKJ,1
2832,122,A2V3P1XE33NYC3,1
2840,123,A3NU1SQPI1NXY4,3
2842,123,A3E157ZN8XPUKJ,2
2836,123,A2UFD1I8ZO1V4G,2
2846,124,ATQWZNGQCN1RA,3
2847,124,A1BHMDRWW9ZYSO,3
2849,124,A3NU1SQPI1NXY4,3
2857,125,AKBP92VUQ7G3,1
2853,125,A2H321P1NSEW35,1
2858,125,A2V3P1XE33NYC3,1
2867,126,A2V3P1XE33NYC3,0
2869,126,ATQWZNGQCN1RA,0
2865,126,AD317NO9623GZ,0
2873,127,A3NU1SQPI1NXY4,2
2872,127,A1PAR1TMKFPKQE,2
2876,127,A2V3P1XE33NYC3,2
2885,128,A2V3P1XE33NYC3,3
2880,128,A2H321P1NSEW35,0
2882,128,A3NU1SQPI1NXY4,2
2893,129,ATQWZNGQCN1RA,1
2896,129,A3GLUDQZGEJL5G,1
2890,129,A3E157ZN8XPUKJ,1
1304,130,A3E157ZN8XPUKJ,1
1308,130,A2UFD1I8ZO1V4G,1
1302,130,AKBP92VUQ7G3,0
1301,131,A3GLUDQZGEJL5G,0
1293,131,AKBP92VUQ7G3,0
1294,131,A2V3P1XE33NYC3,0
1288,132,AD317NO9623GZ,1
1285,132,A2V3P1XE33NYC3,1
1291,132,AM2W23THD4CI7,1
1277,133,AKBP92VUQ7G3,0
1282,133,A2UFD1I8ZO1V4G,3
1280,133,A1BHMDRWW9ZYSO,3
1342,134,A2V3P1XE33NYC3,0
1340,134,AKBP92VUQ7G3,0
1343,134,A1BHMDRWW9ZYSO,3
1334,135,A1BHMDRWW9ZYSO,3
1336,135,A2UFD1I8ZO1V4G,3
1331,135,AKBP92VUQ7G3,0
3011,136,A3E157ZN8XPUKJ,1
3010,136,A1BHMDRWW9ZYSO,1
3005,136,AWRAXV1RIYR0M,1
1317,137,A2V3P1XE33NYC3,3
1312,137,A2H321P1NSEW35,0
1319,137,AM2W23THD4CI7,0
3114,138,A2H321P1NSEW35,0
3120,138,A3E157ZN8XPUKJ,1
3118,138,A2UFD1I8ZO1V4G,3
1370,139,A2UFD1I8ZO1V4G,3
1368,139,ATQWZNGQCN1RA,3
1372,139,A3E157ZN8XPUKJ,3
1245,140,A2V3P1XE33NYC3,1
1247,140,AM2W23THD4CI7,3
1244,140,A2UFD1I8ZO1V4G,3
1252,141,ATQWZNGQCN1RA,1
1255,141,A2H321P1NSEW35,1
1251,141,A3NU1SQPI1NXY4,1
1224,142,A3NU1SQPI1NXY4,0
1227,142,A2BERTY629PZDT,0
1221,142,AD317NO9623GZ,0
1234,143,ATQWZNGQCN1RA,0
1237,143,A2H321P1NSEW35,0
1238,143,A2V3P1XE33NYC3,2
1210,144,A2H321P1NSEW35,0
1207,144,ATQWZNGQCN1RA,0
1209,144,A2BERTY629PZDT,1
1214,145,ATQWZNGQCN1RA,0
1215,145,A2UFD1I8ZO1V4G,2
1216,145,A2H321P1NSEW35,0
1189,146,A2H321P1NSEW35,1
1191,146,A2V3P1XE33NYC3,1
1190,146,A3NU1SQPI1NXY4,1
1195,147,A1BHMDRWW9ZYSO,2
1202,147,AD317NO9623GZ,2
1200,147,A2V3P1XE33NYC3,3
1265,148,AD317NO9623GZ,2
1263,148,A2V3P1XE33NYC3,2
1262,148,A3NU1SQPI1NXY4,0
1266,149,A2V3P1XE33NYC3,2
1268,149,A2UFD1I8ZO1V4G,2
1271,149,A3NU1SQPI1NXY4,0
4864,150,A3E157ZN8XPUKJ,0
4859,150,A2UFD1I8ZO1V4G,1
4862,150,A3NU1SQPI1NXY4,1
4850,151,A2UFD1I8ZO1V4G,1
4851,151,AD317NO9623GZ,1
4849,151,AM2W23THD4CI7,1
4876,152,AM2W23THD4CI7,2
4882,152,A3E157ZN8XPUKJ,2
4877,152,A2UFD1I8ZO1V4G,0
4871,153,A3NU1SQPI1NXY4,3
4874,153,ATQWZNGQCN1RA,3
4872,153,A2UFD1I8ZO1V4G,3
4899,154,A2UFD1I8ZO1V4G,2
4898,154,A3NU1SQPI1NXY4,0
4897,154,A3E157ZN8XPUKJ,2
4892,155,ATQWZNGQCN1RA,0
4891,155,A2H321P1NSEW35,0
4889,155,A3NU1SQPI1NXY4,0
4916,156,A3NU1SQPI1NXY4,1
4911,156,A3KAJ085J9OR0Z,1
4914,156,AKBP92VUQ7G3,1
4907,157,A2AM6H3R1LSM9S,1
4909,157,ATQWZNGQCN1RA,0
4906,157,A3NU1SQPI1NXY4,0
4935,158,ATQWZNGQCN1RA,0
4936,158,A1PAR1TMKFPKQE,0
4931,158,AD317NO9623GZ,0
4920,159,A2UFD1I8ZO1V4G,2
4924,159,A3NU1SQPI1NXY4,0
4927,159,A1PAR1TMKFPKQE,0
3787,160,A2UFD1I8ZO1V4G,3
3793,160,A2V3P1XE33NYC3,2
3791,160,A3NU1SQPI1NXY4,0
3800,161,A36JZTUKQVV5S5,3
3799,161,AKBP92VUQ7G3,2
3801,161,A3E157ZN8XPUKJ,3
3811,162,A2V3P1XE33NYC3,0
3812,162,ATQWZNGQCN1RA,0
3813,162,A2UFD1I8ZO1V4G,2
3822,163,A2UFD1I8ZO1V4G,2
3818,163,A36JZTUKQVV5S5,2
3821,163,ATQWZNGQCN1RA,2
3752,164,A3NU1SQPI1NXY4,3
3751,164,A2H321P1NSEW35,3
3759,164,A2UFD1I8ZO1V4G,3
3766,165,A3NU1SQPI1NXY4,0
3767,165,A2UFD1I8ZO1V4G,2
3768,165,AD317NO9623GZ,0
3771,166,ATQWZNGQCN1RA,0
3774,166,A1PAR1TMKFPKQE,1
3776,166,A2UFD1I8ZO1V4G,1
3783,167,A1PAR1TMKFPKQE,0
3781,167,AKBP92VUQ7G3,0
3786,167,AD317NO9623GZ,3
3740,168,A3NU1SQPI1NXY4,0
3742,168,AD317NO9623GZ,2
3738,168,A3E157ZN8XPUKJ,3
3747,169,A1C0Z73809FFDZ,1
3744,169,A2F0X4LN9N4O4C,1
3743,169,ATQWZNGQCN1RA,1
2240,170,A2V3P1XE33NYC3,3
2242,170,A2UFD1I8ZO1V4G,3
2235,170,ATQWZNGQCN1RA,0
2231,171,A2V3P1XE33NYC3,0
2227,171,A2F0X4LN9N4O4C,0
2226,171,ATQWZNGQCN1RA,2
2217,172,ATQWZNGQCN1RA,0
2222,172,A2V3P1XE33NYC3,0
2218,172,A2F0X4LN9N4O4C,0
2210,173,A3NU1SQPI1NXY4,3
2214,173,A1PAR1TMKFPKQE,3
2216,173,A2AM6H3R1LSM9S,3
2199,174,AKBP92VUQ7G3,1
2204,174,AD317NO9623GZ,1
2206,174,A2V3P1XE33NYC3,1
2197,175,A2V3P1XE33NYC3,0
2195,175,AD317NO9623GZ,0
2194,175,A3E157ZN8XPUKJ,0
2188,176,A2V3P1XE33NYC3,2
2181,176,AKBP92VUQ7G3,2
2187,176,A1PAR1TMKFPKQE,2
2180,177,AD317NO9623GZ,1
2176,177,A36JZTUKQVV5S5,1
2178,177,ATQWZNGQCN1RA,1
2169,178,ATQWZNGQCN1RA,0
2170,178,A3NU1SQPI1NXY4,1
2165,178,AKBP92VUQ7G3,2
2159,179,A3E157ZN8XPUKJ,0
2156,179,AKBP92VUQ7G3,0
2154,179,A1VW9W0DWXCPYE,2
2267,180,A3E157ZN8XPUKJ,0
2268,180,ATQWZNGQCN1RA,2
2265,180,A2UFD1I8ZO1V4G,0
2275,181,ATQWZNGQCN1RA,0
2277,181,A3NU1SQPI1NXY4,0
2278,181,A1PAR1TMKFPKQE,0
2247,182,A2V3P1XE33NYC3,0
2244,182,A2UFD1I8ZO1V4G,0
2250,182,A3NU1SQPI1NXY4,0
2260,183,A1PAR1TMKFPKQE,1
2261,183,AM2W23THD4CI7,1
2258,183,AKBP92VUQ7G3,0
2298,184,A2UFD1I8ZO1V4G,2
2302,184,ATQWZNGQCN1RA,0
2299,184,AD317NO9623GZ,2
2315,185,ATQWZNGQCN1RA,0
2314,185,A3NU1SQPI1NXY4,0
2312,185,A2BERTY629PZDT,0
2281,186,AM2W23THD4CI7,3
2280,186,AKBP92VUQ7G3,3
2285,186,A2BERTY629PZDT,3
2292,187,A2V3P1XE33NYC3,2
2289,187,AKBP92VUQ7G3,0
2296,187,A3NU1SQPI1NXY4,2
2320,188,A2BERTY629PZDT,1
2318,188,A3E157ZN8XPUKJ,1
2323,188,ATQWZNGQCN1RA,1
2330,189,AM2W23THD4CI7,1
2327,189,A3NU1SQPI1NXY4,1
2326,189,AKBP92VUQ7G3,1
250,190,AD317NO9623GZ,1
244,190,A2V3P1XE33NYC3,1
247,190,A2UFD1I8ZO1V4G,0
237,191,A3NU1SQPI1NXY4,2
241,191,AD317NO9623GZ,0
242,191,A1C0Z73809FFDZ,2
263,192,AKBP92VUQ7G3,1
265,192,A2UFD1I8ZO1V4G,1
267,192,AM2W23THD4CI7,1
259,193,AKBP92VUQ7G3,0
252,193,A1BHMDRWW9ZYSO,0
260,193,AD317NO9623GZ,0
210,194,A2V3P1XE33NYC3,0
214,194,AKBP92VUQ7G3,0
209,194,A2H321P1NSEW35,0
204,195,A3NU1SQPI1NXY4,1
203,195,A1PAR1TMKFPKQE,0
202,195,A2UFD1I8ZO1V4G,1
227,196,A2H321P1NSEW35,1
229,196,A2UFD1I8ZO1V4G,1
230,196,A1PAR1TMKFPKQE,1
221,197,A3NU1SQPI1NXY4,3
217,197,A2V3P1XE33NYC3,3
218,197,AKBP92VUQ7G3,3
196,198,AD317NO9623GZ,0
189,198,AWRAXV1RIYR0M,0
192,198,A2UFD1I8ZO1V4G,0
180,199,AWRAXV1RIYR0M,2
184,199,ATQWZNGQCN1RA,2
183,199,A2UFD1I8ZO1V4G,2
2536,200,A1VW9W0DWXCPYE,1
2533,200,A3NU1SQPI1NXY4,1
2535,200,AD317NO9623GZ,1
2523,201,A2V3P1XE33NYC3,1
2522,201,A1PAR1TMKFPKQE,1
2524,201,A2UFD1I8ZO1V4G,1
2553,202,AKBP92VUQ7G3,0
2546,202,A3NU1SQPI1NXY4,0
2548,202,AD317NO9623GZ,0
2544,203,AKBP92VUQ7G3,0
2542,203,A2UFD1I8ZO1V4G,2
2541,203,A2V3P1XE33NYC3,2
2567,204,A1PAR1TMKFPKQE,3
2565,204,A3E157ZN8XPUKJ,2
2570,204,A1KZOLS51I9SS7,0
2558,205,AKBP92VUQ7G3,0
2556,205,A1BHMDRWW9ZYSO,0
2561,205,A2UFD1I8ZO1V4G,0
2584,206,AY5QPUSEADPBG,1
2586,206,A3E157ZN8XPUKJ,1
2590,206,AD317NO9623GZ,1
2575,207,AY5QPUSEADPBG,3
2579,207,A2UFD1I8ZO1V4G,3
2577,207,A3E157ZN8XPUKJ,1
2602,208,AY5QPUSEADPBG,0
2607,208,A3NU1SQPI1NXY4,0
2601,208,A1BHMDRWW9ZYSO,0
2595,209,AKBP92VUQ7G3,0
2596,209,A2UFD1I8ZO1V4G,2
2593,209,A3E157ZN8XPUKJ,0
3976,210,A2H321P1NSEW35,0
3984,210,A3NU1SQPI1NXY4,0
3980,210,AKBP92VUQ7G3,0
3992,211,AD317NO9623GZ,0
3990,211,A2UFD1I8ZO1V4G,2
3985,211,A2H321P1NSEW35,0
3959,212,A2V3P1XE33NYC3,1
3962,212,AKBP92VUQ7G3,1
3961,212,ATQWZNGQCN1RA,0
3973,213,AD317NO9623GZ,1
3974,213,A1BHMDRWW9ZYSO,1
3969,213,A3NU1SQPI1NXY4,1
3945,214,A1VW9W0DWXCPYE,0
3942,214,A3NU1SQPI1NXY4,0
3944,214,AKBP92VUQ7G3,0
3951,215,A3NU1SQPI1NXY4,2
3950,215,ATQWZNGQCN1RA,2
3956,215,A1BHMDRWW9ZYSO,0
3927,216,A1VW9W0DWXCPYE,2
3922,216,A2UFD1I8ZO1V4G,2
3925,216,A2H321P1NSEW35,2
3933,217,A2V3P1XE33NYC3,3
3934,217,A2H321P1NSEW35,0
3937,217,A3E157ZN8XPUKJ,0
3996,218,A2V3P1XE33NYC3,0
3999,218,A1PAR1TMKFPKQE,2
3995,218,ATQWZNGQCN1RA,0
4010,219,A2UFD1I8ZO1V4G,0
4009,219,A3E157ZN8XPUKJ,1
4006,219,A2H321P1NSEW35,0
4822,220,ATQWZNGQCN1RA,1
4825,220,A3NU1SQPI1NXY4,1
4829,220,AKBP92VUQ7G3,0
4814,221,AKBP92VUQ7G3,1
4819,221,AD317NO9623GZ,0
4812,221,A2V3P1XE33NYC3,0
4808,222,A3GLUDQZGEJL5G,1
4807,222,ATQWZNGQCN1RA,1
4810,222,AD317NO9623GZ,0
4801,223,AD317NO9623GZ,3
4800,223,A2BERTY629PZDT,2
4795,223,A3NU1SQPI1NXY4,3
4785,224,A2V3P1XE33NYC3,1
4791,224,A2BERTY629PZDT,1
4789,224,ATQWZNGQCN1RA,1
4782,225,A3E157ZN8XPUKJ,0
4781,225,A2UFD1I8ZO1V4G,2
4777,225,A3NU1SQPI1NXY4,0
4774,226,AM2W23THD4CI7,1
4775,226,ATQWZNGQCN1RA,1
4773,226,A3E157ZN8XPUKJ,1
4765,227,AM2W23THD4CI7,0
4761,227,AKBP92VUQ7G3,0
4766,227,ATQWZNGQCN1RA,3
4754,228,A2UFD1I8ZO1V4G,0
4753,228,A1VW9W0DWXCPYE,1
4752,228,AKBP92VUQ7G3,0
4743,229,AD317NO9623GZ,2
4740,229,AM2W23THD4CI7,2
4744,229,AKBP92VUQ7G3,2
1147,230,A3NU1SQPI1NXY4,1
1148,230,ATQWZNGQCN1RA,1
1142,230,A2UFD1I8ZO1V4G,1
1153,231,AKBP92VUQ7G3,1
1150,231,A3E157ZN8XPUKJ,0
1154,231,A2AM6H3R1LSM9S,0
1160,232,A2UFD1I8ZO1V4G,1
1158,232,AM2W23THD4CI7,1
1165,232,A3NU1SQPI1NXY4,1
1169,233,A3E157ZN8XPUKJ,3
1174,233,ATQWZNGQCN1RA,0
1171,233,A1VW9W0DWXCPYE,0
1104,234,AD317NO9623GZ,3
1108,234,A1VW9W0DWXCPYE,3
1106,234,A3E157ZN8XPUKJ,3
1113,235,AD317NO9623GZ,1
1117,235,A1VW9W0DWXCPYE,1
1119,235,AKBP92VUQ7G3,1
1122,236,AD317NO9623GZ,3
1126,236,A1VW9W0DWXCPYE,0
1125,236,A2UFD1I8ZO1V4G,0
1132,237,A1PAR1TMKFPKQE,1
1139,237,A3NU1SQPI1NXY4,0
1138,237,A2V3P1XE33NYC3,1
1094,238,A3NU1SQPI1NXY4,0
1091,238,ATQWZNGQCN1RA,0
1089,238,A1PAR1TMKFPKQE,3
1100,239,AM2W23THD4CI7,2
1102,239,A2V3P1XE33NYC3,0
1096,239,A1PAR1TMKFPKQE,2
1938,240,A3NU1SQPI1NXY4,0
1932,240,AKBP92VUQ7G3,0
1931,240,A1PAR1TMKFPKQE,0
1926,241,AKBP92VUQ7G3,1
1923,241,A3NU1SQPI1NXY4,1
1924,241,AD317NO9623GZ,1
1956,242,A2UFD1I8ZO1V4G,0
1952,242,A2V3P1XE33NYC3,3
1955,242,ATQWZNGQCN1RA,0
1940,243,A1BHMDRWW9ZYSO,0
1947,243,A2UFD1I8ZO1V4G,0
1939,243,A2AM6H3R1LSM9S,2
1897,244,AD317NO9623GZ,0
1902,244,A2UFD1I8ZO1V4G,0
1901,244,ATQWZNGQCN1RA,0
1885,245,A3E157ZN8XPUKJ,1
1886,245,A2V3P1XE33NYC3,1
1887,245,AKBP92VUQ7G3,3
1920,246,A3GLUDQZGEJL5G,0
1914,246,AKBP92VUQ7G3,0
1917,246,AD317NO9623GZ,2
1903,247,A3E157ZN8XPUKJ,2
1904,247,A2V3P1XE33NYC3,3
1910,247,A3NU1SQPI1NXY4,0
1973,248,A3NU1SQPI1NXY4,1
1966,248,A3E157ZN8XPUKJ,1
1974,248,A3GLUDQZGEJL5G,1
1964,249,A2BERTY629PZDT,0
1960,249,A3NU1SQPI1NXY4,0
1965,249,AKBP92VUQ7G3,0
3502,250,ATQWZNGQCN1RA,0
3507,250,A2BERTY629PZDT,3
3505,250,A2UFD1I8ZO1V4G,0
3514,251,A2UFD1I8ZO1V4G,0
3517,251,AKBP92VUQ7G3,0
3513,251,AD317NO9623GZ,3
3311,252,A1C0Z73809FFDZ,0
3316,252,A2UFD1I8ZO1V4G,1
3319,252,AKBP92VUQ7G3,1
4446,253,A3E157ZN8XPUKJ,3
4443,253,A3NU1SQPI1NXY4,3
4449,253,AD317NO9623GZ,3
3543,254,ATQWZNGQCN1RA,1
3538,254,AKBP92VUQ7G3,1
3542,254,AD317NO9623GZ,1
3549,255,A2V3P1XE33NYC3,3
3553,255,A1PAR1TMKFPKQE,0
3551,255,AD317NO9623GZ,2
3522,256,A2V3P1XE33NYC3,0
3524,256,AD317NO9623GZ,0
3521,256,A3E157ZN8XPUKJ,3
3531,257,A2V3P1XE33NYC3,1
3533,257,AKBP92VUQ7G3,1
3527,257,A3KAJ085J9OR0Z,1
3435,258,A2UFD1I8ZO1V4G,0
3430,258,A2H321P1NSEW35,0
3434,258,AKBP92VUQ7G3,0
2904,259,A2UFD1I8ZO1V4G,3
2900,259,A53VNQRRFQ785,3
2897,259,A3KAJ085J9OR0Z,0
4144,260,AKBP92VUQ7G3,2
4145,260,A2UFD1I8ZO1V4G,2
4140,260,A2H321P1NSEW35,2
4131,261,A3E157ZN8XPUKJ,3
4133,261,AKBP92VUQ7G3,0
4136,261,A3NU1SQPI1NXY4,0
4121,262,A2UFD1I8ZO1V4G,3
4128,262,A2V3P1XE33NYC3,0
4125,262,A1PAR1TMKFPKQE,0
4117,263,ATQWZNGQCN1RA,2
4112,263,A2UFD1I8ZO1V4G,3
4114,263,AD317NO9623GZ,0
4180,264,ATQWZNGQCN1RA,0
4175,264,A2UFD1I8ZO1V4G,1
4179,264,A1PAR1TMKFPKQE,3
4171,265,A2V3P1XE33NYC3,1
4167,265,A2UFD1I8ZO1V4G,1
4170,265,A1BHMDRWW9ZYSO,1
4158,266,A2UFD1I8ZO1V4G,0
4164,266,AKBP92VUQ7G3,0
4160,266,AD317NO9623GZ,0
4151,267,AD317NO9623GZ,0
4152,267,A1BHMDRWW9ZYSO,0
4149,267,A2UFD1I8ZO1V4G,0
4196,268,AD317NO9623GZ,2
4200,268,AKBP92VUQ7G3,2
4195,268,A3NU1SQPI1NXY4,2
4190,269,AKBP92VUQ7G3,0
4183,269,A36JZTUKQVV5S5,0
4191,269,A1BHMDRWW9ZYSO,0
273,270,ATQWZNGQCN1RA,0
270,270,A36JZTUKQVV5S5,1
276,270,AD317NO9623GZ,1
282,271,ATQWZNGQCN1RA,0
280,271,A1VW9W0DWXCPYE,2
285,271,AD317NO9623GZ,0
290,272,A2UFD1I8ZO1V4G,2
289,272,A1VW9W0DWXCPYE,0
296,272,A1BHMDRWW9ZYSO,0
304,273,A2UFD1I8ZO1V4G,0
301,273,ATQWZNGQCN1RA,0
299,273,AKBP92VUQ7G3,0
309,274,ATQWZNGQCN1RA,3
312,274,A2UFD1I8ZO1V4G,2
310,274,AD317NO9623GZ,3
318,275,ATQWZNGQCN1RA,3
316,275,AKBP92VUQ7G3,3
315,275,A3E157ZN8XPUKJ,3
329,276,A2H321P1NSEW35,1
331,276,A3NU1SQPI1NXY4,1
330,276,A2UFD1I8ZO1V4G,1
337,277,AKBP92VUQ7G3,0
335,277,A3NU1SQPI1NXY4,3
339,277,A2V3P1XE33NYC3,3
344,278,A3NU1SQPI1NXY4,1
343,278,A1VW9W0DWXCPYE,0
346,278,AKBP92VUQ7G3,0
357,279,A2V3P1XE33NYC3,3
354,279,ATQWZNGQCN1RA,2
350,279,AD317NO9623GZ,3
4052,280,ATQWZNGQCN1RA,1
4048,280,AD317NO9623GZ,1
4055,280,A2V3P1XE33NYC3,1
4044,281,A3E157ZN8XPUKJ,0
4047,281,ATQWZNGQCN1RA,0
4039,281,A1PAR1TMKFPKQE,3
4067,282,A2H321P1NSEW35,0
4068,282,A2V3P1XE33NYC3,3
4073,282,AD317NO9623GZ,0
4058,283,A2H321P1NSEW35,1
4059,283,A2V3P1XE33NYC3,1
4061,283,AKBP92VUQ7G3,1
4089,284,A3E157ZN8XPUKJ,0
4092,284,ATQWZNGQCN1RA,0
4084,284,A1PAR1TMKFPKQE,0
4082,285,A3NU1SQPI1NXY4,0
4078,285,A2V3P1XE33NYC3,0
4076,285,A2AM6H3R1LSM9S,2
4104,286,ATQWZNGQCN1RA,0
4105,286,A2V3P1XE33NYC3,0
4103,286,A2AM6H3R1LSM9S,0
4097,287,A1C0Z73809FFDZ,1
4101,287,AD317NO9623GZ,1
4094,287,A2AM6H3R1LSM9S,1
4029,288,AD317NO9623GZ,3
4028,288,A3NU1SQPI1NXY4,0
4023,288,ATQWZNGQCN1RA,0
4018,289,AD317NO9623GZ,1
4019,289,AKBP92VUQ7G3,1
4014,289,A3E157ZN8XPUKJ,1
170,290,A2H321P1NSEW35,0
164,290,A3E157ZN8XPUKJ,2
163,290,A1PAR1TMKFPKQE,0
175,291,ATQWZNGQCN1RA,2
173,291,A3E157ZN8XPUKJ,3
177,291,AD317NO9623GZ,2
152,292,A2H321P1NSEW35,1
150,292,AD317NO9623GZ,1
148,292,ATQWZNGQCN1RA,1
154,293,AD317NO9623GZ,0
159,293,A2V3P1XE33NYC3,3
155,293,ATQWZNGQCN1RA,0
134,294,A3NU1SQPI1NXY4,1
129,294,AKBP92VUQ7G3,1
126,294,A2UFD1I8ZO1V4G,1
141,295,A2V3P1XE33NYC3,1
137,295,ATQWZNGQCN1RA,0
136,295,AD317NO9623GZ,0
112,296,A1BHMDRWW9ZYSO,0
114,296,A2V3P1XE33NYC3,0
108,296,A2UFD1I8ZO1V4G,0
119,297,A3E157ZN8XPUKJ,0
117,297,A2UFD1I8ZO1V4G,0
122,297,A1PAR1TMKFPKQE,3
94,298,A3NU1SQPI1NXY4,1
97,298,A2AM6H3R1LSM9S,1
91,298,A2V3P1XE33NYC3,1
107,299,AD317NO9623GZ,2
104,299,A1PAR1TMKFPKQE,2
103,299,A3NU1SQPI1NXY4,1
4580,300,A3E157ZN8XPUKJ,1
4578,300,A2UFD1I8ZO1V4G,1
4583,300,A1PAR1TMKFPKQE,1
4593,301,A3E157ZN8XPUKJ,1
4594,301,A2V3P1XE33NYC3,1
4587,301,AM2W23THD4CI7,1
4602,302,A3E157ZN8XPUKJ,2
4603,302,A2V3P1XE33NYC3,3
4604,302,A2UFD1I8ZO1V4G,2
4610,303,A2AM6H3R1LSM9S,0
4613,303,A2UFD1I8ZO1V4G,0
4612,303,A2V3P1XE33NYC3,0
4621,304,A2V3P1XE33NYC3,0
4615,304,A3NU1SQPI1NXY4,0
4620,304,A3E157ZN8XPUKJ,3
4624,305,A3NU1SQPI1NXY4,3
4629,305,A2V3P1XE33NYC3,3
4631,305,A1BHMDRWW9ZYSO,0
4633,306,A3NU1SQPI1NXY4,3
4632,306,ATQWZNGQCN1RA,0
4635,306,AKBP92VUQ7G3,0
4648,307,A1KZOLS51I9SS7,1
4644,307,AKBP92VUQ7G3,1
4641,307,ATQWZNGQCN1RA,1
4567,308,A1KZOLS51I9SS7,0
4568,308,A1BHMDRWW9ZYSO,0
4566,308,A2V3P1XE33NYC3,3
4569,309,ATQWZNGQCN1RA,0
4571,309,A2UFD1I8ZO1V4G,0
4574,309,A3NU1SQPI1NXY4,0
3066,310,AKBP92VUQ7G3,0
3064,310,A3NU1SQPI1NXY4,0
3059,310,ATQWZNGQCN1RA,0
3055,311,A3NU1SQPI1NXY4,1
3056,311,AD317NO9623GZ,1
3052,311,A2UFD1I8ZO1V4G,1
3041,312,ATQWZNGQCN1RA,0
3047,312,AD317NO9623GZ,0
3046,312,A3NU1SQPI1NXY4,0
3039,313,AD317NO9623GZ,1
3036,313,A1KAXCLAH6UVMS,1
3037,313,A2H321P1NSEW35,1
3101,314,A2V3P1XE33NYC3,0
3099,314,A1KAXCLAH6UVMS,0
3103,314,A1KZOLS51I9SS7,0
3094,315,A1KZOLS51I9SS7,0
3091,315,A2H321P1NSEW35,0
3093,315,AD317NO9623GZ,0
3082,316,A2H321P1NSEW35,0
3079,316,ATQWZNGQCN1RA,0
3085,316,A1KZOLS51I9SS7,0
3070,317,AD317NO9623GZ,0
3072,317,A3NU1SQPI1NXY4,2
3068,317,A2H321P1NSEW35,0
3024,318,A2UFD1I8ZO1V4G,0
3028,318,ATQWZNGQCN1RA,0
3031,318,A2V3P1XE33NYC3,0
3021,319,A356EVHB3TU90R,0
3019,319,ATQWZNGQCN1RA,0
3017,319,AKBP92VUQ7G3,0
2456,320,A2V3P1XE33NYC3,1
2452,320,A3NU1SQPI1NXY4,1
2454,320,A3E157ZN8XPUKJ,1
2458,321,A2V3P1XE33NYC3,1
2457,321,AD317NO9623GZ,1
2459,321,A2UFD1I8ZO1V4G,1
2437,322,ATQWZNGQCN1RA,1
2431,322,A2V3P1XE33NYC3,1
2433,322,A2H321P1NSEW35,1
2440,323,A2V3P1XE33NYC3,0
2445,323,A3NU1SQPI1NXY4,0
2447,323,A1PAR1TMKFPKQE,2
2489,324,AKBP92VUQ7G3,0
2490,324,A3NU1SQPI1NXY4,1
2492,324,A1PAR1TMKFPKQE,0
2498,325,AKBP92VUQ7G3,0
2499,325,A1C0Z73809FFDZ,0
2493,325,A3NU1SQPI1NXY4,0
2470,326,A2V3P1XE33NYC3,1
2466,326,A3NU1SQPI1NXY4,1
2468,326,A1PAR1TMKFPKQE,1
2483,327,A1KZOLS51I9SS7,0
2475,327,A3NU1SQPI1NXY4,3
2482,327,ATQWZNGQCN1RA,0
2506,328,A2V3P1XE33NYC3,3
2507,328,AKBP92VUQ7G3,0
2504,328,A1PAR1TMKFPKQE,2
2515,329,A3NU1SQPI1NXY4,2
2512,329,A1C0Z73809FFDZ,0
2518,329,A3E157ZN8XPUKJ,2
873,330,A1C0Z73809FFDZ,1
874,330,A1KZOLS51I9SS7,1
876,330,A3NU1SQPI1NXY4,1
863,331,AD317NO9623GZ,0
865,331,A1KZOLS51I9SS7,2
871,331,A2UFD1I8ZO1V4G,2
898,332,A2UFD1I8ZO1V4G,2
895,332,A2V3P1XE33NYC3,0
897,332,A3E157ZN8XPUKJ,2
883,333,AD317NO9623GZ,1
881,333,A2H321P1NSEW35,1
888,333,A2UFD1I8ZO1V4G,1
842,334,A2V3P1XE33NYC3,0
844,334,A1PAR1TMKFPKQE,0
839,334,AKBP92VUQ7G3,0
827,335,A2H321P1NSEW35,0
835,335,A1PAR1TMKFPKQE,0
828,335,A3E157ZN8XPUKJ,2
854,336,A2H321P1NSEW35,2
859,336,A3NU1SQPI1NXY4,2
858,336,ATQWZNGQCN1RA,0
850,337,A1PAR1TMKFPKQE,1
847,337,A36JZTUKQVV5S5,1
849,337,A1C0Z73809FFDZ,1
819,338,ATQWZNGQCN1RA,0
818,338,A2UFD1I8ZO1V4G,1
820,338,A36JZTUKQVV5S5,0
816,339,AKBP92VUQ7G3,0
810,339,ATQWZNGQCN1RA,0
812,339,AD317NO9623GZ,0
38,340,A36JZTUKQVV5S5,1
42,340,A2V3P1XE33NYC3,1
43,340,AKBP92VUQ7G3,1
50,341,A2F0X4LN9N4O4C,0
45,341,A1VW9W0DWXCPYE,0
46,341,A3NU1SQPI1NXY4,1
60,342,A2V3P1XE33NYC3,1
62,342,AD317NO9623GZ,1
55,342,A3NU1SQPI1NXY4,1
64,343,A3NU1SQPI1NXY4,3
66,343,ATQWZNGQCN1RA,0
67,343,A2H321P1NSEW35,3
7,344,A2UFD1I8ZO1V4G,0
0,344,A1VW9W0DWXCPYE,0
8,344,AD317NO9623GZ,0
9,345,A2V3P1XE33NYC3,0
15,345,AD317NO9623GZ,0
16,345,A2UFD1I8ZO1V4G,0
19,346,AKBP92VUQ7G3,1
20,346,A356EVHB3TU90R,3
18,346,A2V3P1XE33NYC3,3
27,347,A2V3P1XE33NYC3,3
35,347,A3NU1SQPI1NXY4,0
33,347,AD317NO9623GZ,0
78,348,AD317NO9623GZ,1
76,348,AWRAXV1RIYR0M,1
79,348,A2UFD1I8ZO1V4G,1
83,349,AKBP92VUQ7G3,1
88,349,ATQWZNGQCN1RA,1
86,349,AM2W23THD4CI7,1
3902,350,ATQWZNGQCN1RA,0
3901,350,A2V3P1XE33NYC3,3
3895,350,A2AM6H3R1LSM9S,2
3894,351,AD317NO9623GZ,0
3891,351,AM2W23THD4CI7,0
3893,351,ATQWZNGQCN1RA,0
3884,352,ATQWZNGQCN1RA,1
3879,352,AKBP92VUQ7G3,0
3881,352,A3NU1SQPI1NXY4,1
3868,353,A3NU1SQPI1NXY4,1
3870,353,AD317NO9623GZ,1
3874,353,AKBP92VUQ7G3,1
3860,354,A1PAR1TMKFPKQE,0
3867,354,A3E157ZN8XPUKJ,1
3861,354,AD317NO9623GZ,0
3857,355,A2UFD1I8ZO1V4G,0
3858,355,A3E157ZN8XPUKJ,0
3853,355,A1BHMDRWW9ZYSO,0
3848,356,A2UFD1I8ZO1V4G,2
3842,356,A1PAR1TMKFPKQE,2
3841,356,A3NU1SQPI1NXY4,2
3838,357,AKBP92VUQ7G3,0
3839,357,ATQWZNGQCN1RA,0
3836,357,AD317NO9623GZ,3
3918,358,A2V3P1XE33NYC3,1
3913,358,A2UFD1I8ZO1V4G,1
3915,358,A3NU1SQPI1NXY4,1
3907,359,A3E157ZN8XPUKJ,3
3910,359,AKBP92VUQ7G3,1
3905,359,A1PAR1TMKFPKQE,3
3206,360,A3E157ZN8XPUKJ,0
3210,360,ATQWZNGQCN1RA,0
3203,360,A2UFD1I8ZO1V4G,0
3218,361,A2V3P1XE33NYC3,2
3219,361,A2AM6H3R1LSM9S,3
3212,361,A2UFD1I8ZO1V4G,2
3185,362,A2UFD1I8ZO1V4G,1
3189,362,AD317NO9623GZ,1
3191,362,A2V3P1XE33NYC3,1
3201,363,A2AM6H3R1LSM9S,0
3194,363,A2UFD1I8ZO1V4G,0
3202,363,AKBP92VUQ7G3,0
3168,364,A1KZOLS51I9SS7,1
3171,364,AD317NO9623GZ,0
3173,364,A2V3P1XE33NYC3,1
3176,365,AD317NO9623GZ,1
3184,365,A2V3P1XE33NYC3,1
3177,365,A3NU1SQPI1NXY4,1
3156,366,A1PAR1TMKFPKQE,3
3154,366,A2AM6H3R1LSM9S,3
3153,366,AKBP92VUQ7G3,3
3164,367,ATQWZNGQCN1RA,0
3158,367,AD317NO9623GZ,0
3159,367,A3NU1SQPI1NXY4,0
3135,368,AKBP92VUQ7G3,2
3133,368,A2UFD1I8ZO1V4G,2
3132,368,A3NU1SQPI1NXY4,1
3148,369,AKBP92VUQ7G3,0
3141,369,ATQWZNGQCN1RA,0
3145,369,AD317NO9623GZ,2
1629,370,AD317NO9623GZ,2
1627,370,A3E157ZN8XPUKJ,1
1628,370,A2UFD1I8ZO1V4G,0
1618,371,ATQWZNGQCN1RA,0
1623,371,A36JZTUKQVV5S5,1
1624,371,A1PAR1TMKFPKQE,3
1642,372,A2V3P1XE33NYC3,1
1647,372,AD317NO9623GZ,0
1648,372,A36JZTUKQVV5S5,1
1635,373,A2V3P1XE33NYC3,1
1638,373,AWRAXV1RIYR0M,1
1633,373,A1C0Z73809FFDZ,1
1663,374,AKBP92VUQ7G3,0
1664,374,ATQWZNGQCN1RA,0
1666,374,A3NU1SQPI1NXY4,0
1657,375,A3NU1SQPI1NXY4,2
1651,375,A1C0Z73809FFDZ,0
1659,375,AD317NO9623GZ,2
1681,376,AKBP92VUQ7G3,0
1680,376,A2V3P1XE33NYC3,3
1679,376,A1KZOLS51I9SS7,3
1669,377,A3E157ZN8XPUKJ,1
1671,377,AM2W23THD4CI7,0
1674,377,AD317NO9623GZ,1
1616,378,ATQWZNGQCN1RA,1
1615,378,A2UFD1I8ZO1V4G,1
1611,378,AKBP92VUQ7G3,1
1607,379,ATQWZNGQCN1RA,0
1606,379,A2UFD1I8ZO1V4G,0
1600,379,A2AM6H3R1LSM9S,2
3226,380,AD317NO9623GZ,2
3227,380,A3NU1SQPI1NXY4,0
3225,380,A2V3P1XE33NYC3,3
3238,381,AD317NO9623GZ,0
3234,381,ATQWZNGQCN1RA,2
3235,381,A1PAR1TMKFPKQE,3
3243,382,ATQWZNGQCN1RA,0
3247,382,AD317NO9623GZ,0
3242,382,A3E157ZN8XPUKJ,0
3253,383,A1PAR1TMKFPKQE,2
3250,383,A2UFD1I8ZO1V4G,3
3256,383,AD317NO9623GZ,1
3258,384,A3NU1SQPI1NXY4,0
3257,384,A2V3P1XE33NYC3,0
3259,384,A2UFD1I8ZO1V4G,0
3273,385,AD317NO9623GZ,0
3269,385,AKBP92VUQ7G3,1
3272,385,A2H321P1NSEW35,1
3278,386,AKBP92VUQ7G3,2
3276,386,A356EVHB3TU90R,2
3275,386,A3NU1SQPI1NXY4,3
3285,387,A356EVHB3TU90R,3
3286,387,A2UFD1I8ZO1V4G,2
3290,387,A2H321P1NSEW35,0
3296,388,AKBP92VUQ7G3,1
3294,388,A356EVHB3TU90R,0
3301,388,ATQWZNGQCN1RA,1
3305,389,A2UFD1I8ZO1V4G,0
3309,389,AWRAXV1RIYR0M,0
3310,389,A3UX2FXA3NMJCS,3
4844,390,ATQWZNGQCN1RA,0
4840,390,AKBP92VUQ7G3,0
4839,390,AD317NO9623GZ,0
1706,391,AKBP92VUQ7G3,0
1708,391,A2UFD1I8ZO1V4G,2
1710,391,ATQWZNGQCN1RA,3
1698,392,A2V3P1XE33NYC3,1
1702,392,A3E157ZN8XPUKJ,1
1703,392,AWRAXV1RIYR0M,1
1695,393,A3NU1SQPI1NXY4,1
1692,393,A2V3P1XE33NYC3,0
1687,393,A2UFD1I8ZO1V4G,1
1754,394,ATQWZNGQCN1RA,0
1757,394,A1VW9W0DWXCPYE,2
1752,394,AKBP92VUQ7G3,0
1742,395,A3E157ZN8XPUKJ,0
1744,395,A1PAR1TMKFPKQE,0
1748,395,A1VW9W0DWXCPYE,0
1736,396,ATQWZNGQCN1RA,0
1739,396,A1VW9W0DWXCPYE,0
1732,396,A2UFD1I8ZO1V4G,0
1724,397,AD317NO9623GZ,1
1728,397,A3NU1SQPI1NXY4,1
1729,397,A2V3P1XE33NYC3,2
4955,398,AKBP92VUQ7G3,1
4956,398,AD317NO9623GZ,1
4963,398,A1PAR1TMKFPKQE,1
1782,399,A3NU1SQPI1NXY4,0
1783,399,A2V3P1XE33NYC3,0
1785,399,A1PAR1TMKFPKQE,0
1578,400,A2V3P1XE33NYC3,3
1579,400,A2UFD1I8ZO1V4G,0
1572,400,AKBP92VUQ7G3,0
1567,401,A3NU1SQPI1NXY4,0
1571,401,A3E157ZN8XPUKJ,0
1569,401,A2UFD1I8ZO1V4G,0
1562,402,A3E157ZN8XPUKJ,3
1558,402,A3NU1SQPI1NXY4,0
1561,402,AKBP92VUQ7G3,0
1545,403,A1PAR1TMKFPKQE,0
1547,403,ATQWZNGQCN1RA,0
1549,403,A3NU1SQPI1NXY4,0
1542,404,A2UFD1I8ZO1V4G,0
1539,404,AD317NO9623GZ,0
1541,404,A2V3P1XE33NYC3,0
1530,405,A2H321P1NSEW35,0
1535,405,A2UFD1I8ZO1V4G,0
1529,405,A3E157ZN8XPUKJ,3
1521,406,A2H321P1NSEW35,3
1519,406,A3NU1SQPI1NXY4,3
1520,406,A3E157ZN8XPUKJ,3
1509,407,AD317NO9623GZ,2
1513,407,A1VW9W0DWXCPYE,2
1511,407,A3E157ZN8XPUKJ,3
1597,408,ATQWZNGQCN1RA,1
1593,408,A2H321P1NSEW35,1
1596,408,AKBP92VUQ7G3,1
1588,409,A2V3P1XE33NYC3,2
1589,409,A2UFD1I8ZO1V4G,2
1581,409,A3NU1SQPI1NXY4,2
2946,410,ATQWZNGQCN1RA,1
2942,410,A3NU1SQPI1NXY4,1
2949,410,A2V3P1XE33NYC3,1
2959,411,A2UFD1I8ZO1V4G,0
2954,411,A3E157ZN8XPUKJ,0
2956,411,AM2W23THD4CI7,0
2961,412,A1PAR1TMKFPKQE,3
2967,412,A2V3P1XE33NYC3,3
2962,412,AKBP92VUQ7G3,3
2971,413,A2V3P1XE33NYC3,0
2977,413,AD317NO9623GZ,2
2974,413,A3UX2FXA3NMJCS,0
2910,414,ATQWZNGQCN1RA,2
2909,414,A1PAR1TMKFPKQE,2
2911,414,A3UX2FXA3NMJCS,2
2923,415,AD317NO9623GZ,1
2918,415,A1PAR1TMKFPKQE,1
2922,415,A3E157ZN8XPUKJ,1
2928,416,ATQWZNGQCN1RA,0
2927,416,A1PAR1TMKFPKQE,0
2929,416,A3UX2FXA3NMJCS,0
2937,417,AKBP92VUQ7G3,0
2941,417,A2V3P1XE33NYC3,0
2939,417,A1PAR1TMKFPKQE,3
2989,418,A2UFD1I8ZO1V4G,2
2993,418,A1PAR1TMKFPKQE,3
2987,418,AD317NO9623GZ,2
3004,419,A2V3P1XE33NYC3,2
3003,419,A3E157ZN8XPUKJ,2
2998,419,A2UFD1I8ZO1V4G,2
4498,420,A3NU1SQPI1NXY4,0
4503,420,A1PAR1TMKFPKQE,1
4497,420,AD317NO9623GZ,0
4495,421,AKBP92VUQ7G3,0
4494,421,A2V3P1XE33NYC3,3
4492,421,AD317NO9623GZ,0
4521,422,A2V3P1XE33NYC3,3
4518,422,A1VW9W0DWXCPYE,0
4522,422,AKBP92VUQ7G3,0
4509,423,A1VW9W0DWXCPYE,1
4513,423,AKBP92VUQ7G3,1
4514,423,A3GLUDQZGEJL5G,1
4540,424,AKBP92VUQ7G3,0
4538,424,A3NU1SQPI1NXY4,3
4536,424,A1VW9W0DWXCPYE,2
4532,425,AKBP92VUQ7G3,0
4530,425,A2UFD1I8ZO1V4G,0
4525,425,A3NU1SQPI1NXY4,0
4553,426,ATQWZNGQCN1RA,1
4558,426,A2AM6H3R1LSM9S,1
4555,426,AD317NO9623GZ,1
4543,427,A3NU1SQPI1NXY4,0
4546,427,AD317NO9623GZ,2
4550,427,AKBP92VUQ7G3,0
4480,428,A3NU1SQPI1NXY4,0
4483,428,AD317NO9623GZ,0
4479,428,A1BHMDRWW9ZYSO,0
4475,429,ATQWZNGQCN1RA,2
4471,429,A2H321P1NSEW35,2
4476,429,A3E157ZN8XPUKJ,2
794,430,A2BERTY629PZDT,1
791,430,A3NU1SQPI1NXY4,1
792,430,A2H321P1NSEW35,1
808,431,AKBP92VUQ7G3,0
807,431,A2UFD1I8ZO1V4G,0
801,431,A2H321P1NSEW35,0
775,432,AD317NO9623GZ,3
773,432,A3NU1SQPI1NXY4,3
774,432,A2H321P1NSEW35,3
783,433,A3NU1SQPI1NXY4,3
784,433,AKBP92VUQ7G3,0
786,433,AM2W23THD4CI7,2
755,434,A3E157ZN8XPUKJ,0
763,434,ATQWZNGQCN1RA,0
759,434,AM2W23THD4CI7,0
766,435,AKBP92VUQ7G3,0
764,435,A3E157ZN8XPUKJ,3
765,435,A3NU1SQPI1NXY4,3
744,436,A2V3P1XE33NYC3,0
738,436,A3NU1SQPI1NXY4,0
742,436,AD317NO9623GZ,0
746,437,A2V3P1XE33NYC3,0
748,437,A2UFD1I8ZO1V4G,2
753,437,AKBP92VUQ7G3,0
719,438,A2V3P1XE33NYC3,0
726,438,AKBP92VUQ7G3,0
721,438,A2UFD1I8ZO1V4G,2
731,439,A1PAR1TMKFPKQE,0
733,439,A3NU1SQPI1NXY4,0
728,439,A2V3P1XE33NYC3,0
500,440,AM2W23THD4CI7,1
496,440,A2UFD1I8ZO1V4G,0
497,440,A1PAR1TMKFPKQE,1
490,441,A2UFD1I8ZO1V4G,1
487,441,A3E157ZN8XPUKJ,1
488,441,A1BHMDRWW9ZYSO,1
484,442,A1VW9W0DWXCPYE,2
481,442,A2UFD1I8ZO1V4G,2
478,442,A3E157ZN8XPUKJ,3
471,443,A3NU1SQPI1NXY4,1
473,443,A2V3P1XE33NYC3,1
472,443,A2UFD1I8ZO1V4G,1
537,444,AKBP92VUQ7G3,0
534,444,A3NU1SQPI1NXY4,0
538,444,A1VW9W0DWXCPYE,0
522,445,A2UFD1I8ZO1V4G,3
521,445,AD317NO9623GZ,1
528,445,A3NU1SQPI1NXY4,1
516,446,AKBP92VUQ7G3,0
513,446,A2UFD1I8ZO1V4G,2
520,446,A3UX2FXA3NMJCS,0
505,447,A1BHMDRWW9ZYSO,0
509,447,A2V3P1XE33NYC3,3
503,447,AD317NO9623GZ,3
458,448,AD317NO9623GZ,3
466,448,A3UX2FXA3NMJCS,0
461,448,A1PAR1TMKFPKQE,0
457,449,A1BHMDRWW9ZYSO,2
453,449,A53VNQRRFQ785,0
454,449,A3NU1SQPI1NXY4,2
2089,450,A2UFD1I8ZO1V4G,2
2088,450,AD317NO9623GZ,0
2087,450,A3NU1SQPI1NXY4,2
2098,451,A2UFD1I8ZO1V4G,1
2095,451,A53VNQRRFQ785,1
2091,451,A2H321P1NSEW35,1
2100,452,A2H321P1NSEW35,0
2106,452,AD317NO9623GZ,0
2105,452,A3NU1SQPI1NXY4,2
2113,453,AD317NO9623GZ,1
2114,453,A3NU1SQPI1NXY4,1
2110,453,A2UFD1I8ZO1V4G,1
2119,454,A2UFD1I8ZO1V4G,0
2122,454,AD317NO9623GZ,0
2120,454,AKBP92VUQ7G3,0
2129,455,AKBP92VUQ7G3,0
2134,455,A3E157ZN8XPUKJ,0
2135,455,ATQWZNGQCN1RA,0
2137,456,A2UFD1I8ZO1V4G,1
2144,456,ATQWZNGQCN1RA,0
2143,456,A3E157ZN8XPUKJ,0
2147,457,A3E157ZN8XPUKJ,1
2152,457,AD317NO9623GZ,1
2146,457,A1PAR1TMKFPKQE,1
2065,458,A1PAR1TMKFPKQE,3
2070,458,AKBP92VUQ7G3,3
2067,458,A1VW9W0DWXCPYE,0
2073,459,A2UFD1I8ZO1V4G,2
2081,459,A2V3P1XE33NYC3,2
2076,459,A1VW9W0DWXCPYE,2
3707,460,A2UFD1I8ZO1V4G,0
3713,460,AKBP92VUQ7G3,0
3714,460,AD317NO9623GZ,0
3701,461,A3E157ZN8XPUKJ,0
3699,461,AD317NO9623GZ,0
3705,461,A2H321P1NSEW35,0
3725,462,ATQWZNGQCN1RA,0
3728,462,A3E157ZN8XPUKJ,0
3731,462,AKBP92VUQ7G3,0
3718,463,A2UFD1I8ZO1V4G,1
3721,463,A2V3P1XE33NYC3,1
3719,463,A3E157ZN8XPUKJ,1
3674,464,A3E157ZN8XPUKJ,0
3679,464,AM2W23THD4CI7,0
3676,464,A2V3P1XE33NYC3,3
3669,465,ATQWZNGQCN1RA,1
3668,465,A2V3P1XE33NYC3,1
3670,465,AD317NO9623GZ,1
3692,466,A2AM6H3R1LSM9S,2
3691,466,AM2W23THD4CI7,2
3693,466,A2UFD1I8ZO1V4G,2
3686,467,A2V3P1XE33NYC3,1
3688,467,AD317NO9623GZ,1
3681,467,AKBP92VUQ7G3,1
3660,468,ATQWZNGQCN1RA,3
3653,468,A1PAR1TMKFPKQE,3
3661,468,AD317NO9623GZ,2
3650,469,A2H321P1NSEW35,1
3649,469,A2UFD1I8ZO1V4G,0
3644,469,AD317NO9623GZ,1
5171,470,ATQWZNGQCN1RA,1
5175,470,A2UFD1I8ZO1V4G,1
5176,470,A2H321P1NSEW35,1
5182,471,A3NU1SQPI1NXY4,0
5187,471,A3E157ZN8XPUKJ,3
5186,471,AKBP92VUQ7G3,0
5152,472,AD317NO9623GZ,2
5156,472,A2V3P1XE33NYC3,2
5157,472,A2UFD1I8ZO1V4G,2
5168,473,A1C0Z73809FFDZ,3
5164,473,AD317NO9623GZ,3
5167,473,A1PAR1TMKFPKQE,2
5210,474,A2UFD1I8ZO1V4G,2
5209,474,AD317NO9623GZ,0
5212,474,A1PAR1TMKFPKQE,2
5216,475,A3NU1SQPI1NXY4,0
5215,475,ATQWZNGQCN1RA,0
5218,475,AD317NO9623GZ,2
5188,476,ATQWZNGQCN1RA,1
5191,476,AD317NO9623GZ,1
5195,476,A1C0Z73809FFDZ,1
5199,477,A3NU1SQPI1NXY4,1
5203,477,AD317NO9623GZ,3
5204,477,AKBP92VUQ7G3,0
5230,478,AD317NO9623GZ,0
5228,478,A2UFD1I8ZO1V4G,0
5227,478,AM2W23THD4CI7,0
5237,479,A2UFD1I8ZO1V4G,2
5233,479,ATQWZNGQCN1RA,3
5235,479,A3NU1SQPI1NXY4,1
5146,480,AM2W23THD4CI7,0
5151,480,A2V3P1XE33NYC3,2
5147,480,A2UFD1I8ZO1V4G,1
5137,481,A2H321P1NSEW35,1
5142,481,AD317NO9623GZ,1
5140,481,A3GLUDQZGEJL5G,1
5126,482,AKBP92VUQ7G3,0
5130,482,A2BERTY629PZDT,0
5129,482,A2V3P1XE33NYC3,2
5124,483,AD317NO9623GZ,0
5121,483,A2BERTY629PZDT,3
5117,483,AKBP92VUQ7G3,3
5110,484,A2H321P1NSEW35,0
5108,484,AKBP92VUQ7G3,0
5113,484,A3GLUDQZGEJL5G,0
5101,485,ATQWZNGQCN1RA,1
5106,485,A2UFD1I8ZO1V4G,1
5098,485,AORFXVSW8DDHP,1
5094,486,A3E157ZN8XPUKJ,1
5090,486,AKBP92VUQ7G3,0
5092,486,ATQWZNGQCN1RA,0
5085,487,A3E157ZN8XPUKJ,1
5083,487,ATQWZNGQCN1RA,0
5088,487,A2UFD1I8ZO1V4G,0
5075,488,A2H321P1NSEW35,0
5072,488,AKBP92VUQ7G3,0
5077,488,A3NU1SQPI1NXY4,2
5064,489,AD317NO9623GZ,0
5069,489,A2UFD1I8ZO1V4G,0
5068,489,AKBP92VUQ7G3,0
1385,490,AD317NO9623GZ,0
1390,490,A2UFD1I8ZO1V4G,2
1384,490,AM2W23THD4CI7,0
1399,491,A2UFD1I8ZO1V4G,0
1395,491,ATQWZNGQCN1RA,0
1398,491,AKBP92VUQ7G3,0
1409,492,A3NU1SQPI1NXY4,1
1403,492,AD317NO9623GZ,1
1408,492,A2UFD1I8ZO1V4G,1
1413,493,A1PAR1TMKFPKQE,0
1416,493,AKBP92VUQ7G3,0
1414,493,AD317NO9623GZ,0
1349,494,A2V3P1XE33NYC3,1
1352,494,A2UFD1I8ZO1V4G,1
1347,494,A1VW9W0DWXCPYE,1
1364,495,A3NU1SQPI1NXY4,1
1358,495,A2V3P1XE33NYC3,1
1356,495,A1VW9W0DWXCPYE,1
3110,496,AKBP92VUQ7G3,2
3104,496,A1VW9W0DWXCPYE,2
3112,496,A3NU1SQPI1NXY4,2
1378,497,AD317NO9623GZ,0
1377,497,A2V3P1XE33NYC3,3
1374,497,AKBP92VUQ7G3,0
2978,498,AKBP92VUQ7G3,0
2986,498,ATQWZNGQCN1RA,0
2979,498,A1BHMDRWW9ZYSO,0
1325,499,A2UFD1I8ZO1V4G,1
1322,499,A3E157ZN8XPUKJ,1
1320,499,AKBP92VUQ7G3,0
3631,500,A2UFD1I8ZO1V4G,2
3632,500,A1PAR1TMKFPKQE,3
3627,500,A1BHMDRWW9ZYSO,0
3640,501,A3E157ZN8XPUKJ,3
3635,501,A3NU1SQPI1NXY4,0
3638,501,A2UFD1I8ZO1V4G,0
3616,502,A1PAR1TMKFPKQE,1
3611,502,A2UFD1I8ZO1V4G,1
3612,502,A2V3P1XE33NYC3,1
3619,503,AKBP92VUQ7G3,0
3617,503,A3NU1SQPI1NXY4,3
3621,503,A2V3P1XE33NYC3,3
3595,504,A3E157ZN8XPUKJ,0
3591,504,ATQWZNGQCN1RA,0
3596,504,AD317NO9623GZ,0
3602,505,A3NU1SQPI1NXY4,0
3607,505,AD317NO9623GZ,0
3601,505,A1BHMDRWW9ZYSO,3
3572,506,AKBP92VUQ7G3,0
3576,506,A1PAR1TMKFPKQE,0
3575,506,A3NU1SQPI1NXY4,2
3583,507,A1BHMDRWW9ZYSO,3
3584,507,A3NU1SQPI1NXY4,2
3588,507,A1VW9W0DWXCPYE,0
3557,508,A3NU1SQPI1NXY4,0
3560,508,ATQWZNGQCN1RA,2
3558,508,A1PAR1TMKFPKQE,0
3564,509,A2V3P1XE33NYC3,1
3571,509,A1PAR1TMKFPKQE,1
3570,509,A2UFD1I8ZO1V4G,1
2002,510,A36JZTUKQVV5S5,1
2007,510,A3NU1SQPI1NXY4,1
2005,510,ATQWZNGQCN1RA,0
1999,511,AD317NO9623GZ,0
1998,511,A3NU1SQPI1NXY4,0
2000,511,A2UFD1I8ZO1V4G,0
2023,512,AKBP92VUQ7G3,2
2027,512,A1PAR1TMKFPKQE,2
2024,512,A3NU1SQPI1NXY4,1
2011,513,A2UFD1I8ZO1V4G,0
2018,513,A1BHMDRWW9ZYSO,0
2013,513,AD317NO9623GZ,0
2045,514,A1BHMDRWW9ZYSO,0
2041,514,AKBP92VUQ7G3,0
2042,514,A3NU1SQPI1NXY4,0
2028,515,A2UFD1I8ZO1V4G,2
2036,515,A1BHMDRWW9ZYSO,2
2033,515,A3NU1SQPI1NXY4,2
2057,516,AD317NO9623GZ,0
2056,516,A2V3P1XE33NYC3,1
2055,516,A2UFD1I8ZO1V4G,0
2051,517,ATQWZNGQCN1RA,0
2050,517,A3NU1SQPI1NXY4,2
2054,517,AKBP92VUQ7G3,2
1984,518,A2V3P1XE33NYC3,1
1985,518,A3E157ZN8XPUKJ,1
1991,518,A1VW9W0DWXCPYE,1
1976,519,A3E157ZN8XPUKJ,0
1978,519,AD317NO9623GZ,0
1981,519,A1PAR1TMKFPKQE,3
397,520,A2UFD1I8ZO1V4G,2
399,520,A3NU1SQPI1NXY4,2
403,520,AKBP92VUQ7G3,2
408,521,ATQWZNGQCN1RA,3
407,521,A1VW9W0DWXCPYE,0
411,521,A2V3P1XE33NYC3,0
420,522,A2V3P1XE33NYC3,1
414,522,A1C0Z73809FFDZ,0
415,522,AKBP92VUQ7G3,0
430,523,A2H321P1NSEW35,0
424,523,AKBP92VUQ7G3,0
429,523,A2V3P1XE33NYC3,0
364,524,AD317NO9623GZ,0
363,524,ATQWZNGQCN1RA,0
360,524,A1C0Z73809FFDZ,0
375,525,AKBP92VUQ7G3,0
370,525,A2UFD1I8ZO1V4G,0
372,525,AD317NO9623GZ,0
384,526,AKBP92VUQ7G3,1
380,526,ATQWZNGQCN1RA,1
379,526,A2UFD1I8ZO1V4G,1
392,527,A1VW9W0DWXCPYE,1
394,527,A3NU1SQPI1NXY4,1
388,527,A2UFD1I8ZO1V4G,1
432,528,A3E157ZN8XPUKJ,2
431,528,A2V3P1XE33NYC3,2
434,528,ATQWZNGQCN1RA,2
445,529,ATQWZNGQCN1RA,1
444,529,AD317NO9623GZ,1
447,529,A53VNQRRFQ785,1
4359,530,A3E157ZN8XPUKJ,2
4355,530,A3NU1SQPI1NXY4,2
4361,530,AKBP92VUQ7G3,0
4346,531,A3NU1SQPI1NXY4,2
4345,531,A2UFD1I8ZO1V4G,0
4348,531,AD317NO9623GZ,0
4335,532,A2V3P1XE33NYC3,0
4338,532,A1PAR1TMKFPKQE,0
4340,532,ATQWZNGQCN1RA,0
4327,533,ATQWZNGQCN1RA,0
4331,533,A3E157ZN8XPUKJ,0
4330,533,AKBP92VUQ7G3,0
4317,534,AD317NO9623GZ,0
4322,534,A3E157ZN8XPUKJ,2
4320,534,A2UFD1I8ZO1V4G,3
4309,535,ATQWZNGQCN1RA,1
4308,535,AD317NO9623GZ,1
4313,535,A3E157ZN8XPUKJ,1
4300,536,ATQWZNGQCN1RA,0
4304,536,A3E157ZN8XPUKJ,3
4306,536,AM2W23THD4CI7,3
4295,537,A3NU1SQPI1NXY4,2
4294,537,A2H321P1NSEW35,0
4297,537,A2UFD1I8ZO1V4G,2
4374,538,A2F0X4LN9N4O4C,1
4371,538,AKBP92VUQ7G3,1
4378,538,A2UFD1I8ZO1V4G,1
4369,539,A2UFD1I8ZO1V4G,0
4364,539,A2V3P1XE33NYC3,2
4362,539,AKBP92VUQ7G3,0
2729,540,A2F0X4LN9N4O4C,0
2726,540,AKBP92VUQ7G3,0
2727,540,ATQWZNGQCN1RA,0
2741,541,A1PAR1TMKFPKQE,2
2736,541,A2UFD1I8ZO1V4G,2
2738,541,AM2W23THD4CI7,2
2708,542,A3NU1SQPI1NXY4,1
2711,542,AM2W23THD4CI7,1
2710,542,ATQWZNGQCN1RA,1
2719,543,ATQWZNGQCN1RA,0
2722,543,A2V3P1XE33NYC3,3
2725,543,AD317NO9623GZ,3
2763,544,A2UFD1I8ZO1V4G,2
2765,544,AM2W23THD4CI7,2
2769,544,A3E157ZN8XPUKJ,0
2776,545,AD317NO9623GZ,0
2771,545,A2BERTY629PZDT,0
2772,545,AKBP92VUQ7G3,0
2744,546,A2BERTY629PZDT,3
2751,546,ATQWZNGQCN1RA,1
2747,546,A3E157ZN8XPUKJ,0
2761,547,A3NU1SQPI1NXY4,0
2755,547,A2UFD1I8ZO1V4G,0
2757,547,A2H321P1NSEW35,0
2793,548,A2H321P1NSEW35,0
2791,548,A2UFD1I8ZO1V4G,0
2797,548,A3NU1SQPI1NXY4,2
2804,549,AM2W23THD4CI7,3
2801,549,AKBP92VUQ7G3,2
2802,549,A2UFD1I8ZO1V4G,0
1065,550,A2UFD1I8ZO1V4G,0
1069,550,A2H321P1NSEW35,0
1062,550,ATQWZNGQCN1RA,0
1053,551,ATQWZNGQCN1RA,0
1056,551,A2UFD1I8ZO1V4G,0
1054,551,A3NU1SQPI1NXY4,0
1087,552,A2H321P1NSEW35,0
1081,552,A3NU1SQPI1NXY4,0
1083,552,A2UFD1I8ZO1V4G,0
1075,553,A2V3P1XE33NYC3,3
1073,553,A2UFD1I8ZO1V4G,0
1076,553,AKBP92VUQ7G3,0
1027,554,AD317NO9623GZ,1
1029,554,A2AM6H3R1LSM9S,1
1033,554,A3NU1SQPI1NXY4,1
1020,555,A2AM6H3R1LSM9S,3
1016,555,A1PAR1TMKFPKQE,3
1024,555,A3NU1SQPI1NXY4,3
1047,556,A2AM6H3R1LSM9S,0
1046,556,A2UFD1I8ZO1V4G,0
1045,556,AD317NO9623GZ,0
1039,557,A3E157ZN8XPUKJ,1
1041,557,ATQWZNGQCN1RA,0
1035,557,A2V3P1XE33NYC3,0
1011,558,A1PAR1TMKFPKQE,1
1008,558,A2V3P1XE33NYC3,1
1012,558,A3E157ZN8XPUKJ,1
1003,559,A3E157ZN8XPUKJ,0
1004,559,AD317NO9623GZ,0
1000,559,A2UFD1I8ZO1V4G,0
4672,560,A1PAR1TMKFPKQE,1
4670,560,A2UFD1I8ZO1V4G,1
4668,560,A3NU1SQPI1NXY4,1
4677,561,A2V3P1XE33NYC3,1
4680,561,A2AM6H3R1LSM9S,1
4684,561,A3E157ZN8XPUKJ,1
4691,562,A1PAR1TMKFPKQE,0
4687,562,AD317NO9623GZ,0
4692,562,A2UFD1I8ZO1V4G,0
4702,563,A3E157ZN8XPUKJ,0
4696,563,AD317NO9623GZ,3
4701,563,A2UFD1I8ZO1V4G,2
4705,564,AD317NO9623GZ,0
4711,564,A3E157ZN8XPUKJ,1
4708,564,AKBP92VUQ7G3,0
4715,565,A2V3P1XE33NYC3,0
4717,565,A1BHMDRWW9ZYSO,0
4720,565,A3NU1SQPI1NXY4,0
4723,566,A2UFD1I8ZO1V4G,2
4728,566,AKBP92VUQ7G3,0
4726,566,A1BHMDRWW9ZYSO,0
4731,567,ATQWZNGQCN1RA,0
4737,567,AKBP92VUQ7G3,0
4738,567,A3NU1SQPI1NXY4,0
4654,568,A1BHMDRWW9ZYSO,0
4651,568,A2UFD1I8ZO1V4G,0
4656,568,AKBP92VUQ7G3,0
4666,569,A3NU1SQPI1NXY4,3
4664,569,A2AM6H3R1LSM9S,3
4665,569,AD317NO9623GZ,3
3365,570,AM2W23THD4CI7,1
3373,570,A3E157ZN8XPUKJ,1
3366,570,AKBP92VUQ7G3,1
3356,571,AM2W23THD4CI7,0
3361,571,A2AM6H3R1LSM9S,0
3362,571,AD317NO9623GZ,0
3353,572,AD317NO9623GZ,2
3348,572,AKBP92VUQ7G3,2
3354,572,A3NU1SQPI1NXY4,3
3342,573,AKBP92VUQ7G3,0
3345,573,A3NU1SQPI1NXY4,0
3343,573,ATQWZNGQCN1RA,0
3409,574,A1BHMDRWW9ZYSO,0
3405,574,AKBP92VUQ7G3,0
3402,574,A2V3P1XE33NYC3,0
3400,575,A1BHMDRWW9ZYSO,0
3397,575,ATQWZNGQCN1RA,0
3395,575,A2UFD1I8ZO1V4G,2
3391,576,A1BHMDRWW9ZYSO,0
3385,576,A3E157ZN8XPUKJ,1
3390,576,A3NU1SQPI1NXY4,3
3381,577,A2BERTY629PZDT,0
3379,577,A1VW9W0DWXCPYE,0
3378,577,ATQWZNGQCN1RA,0
3332,578,A3NU1SQPI1NXY4,1
3329,578,AKBP92VUQ7G3,1
3335,578,AD317NO9623GZ,1
3320,579,AKBP92VUQ7G3,0
3324,579,ATQWZNGQCN1RA,0
3325,579,A1VW9W0DWXCPYE,0
1868,580,A2V3P1XE33NYC3,0
1873,580,AD317NO9623GZ,0
1867,580,AKBP92VUQ7G3,0
1880,581,AD317NO9623GZ,1
1881,581,A2H321P1NSEW35,1
1883,581,A2UFD1I8ZO1V4G,2
1857,582,AKBP92VUQ7G3,0
1852,582,ATQWZNGQCN1RA,0
1856,582,A2UFD1I8ZO1V4G,0
1858,583,A2V3P1XE33NYC3,2
1864,583,A3NU1SQPI1NXY4,2
1866,583,AKBP92VUQ7G3,2
1845,584,A2H321P1NSEW35,1
1843,584,ATQWZNGQCN1RA,1
1842,584,A2AM6H3R1LSM9S,1
