79185673	0
79185724	1
79185900	1
79186190	2
79186569	2
79186651	0
79186665	1
79186726	2
79186749	2
79187165	2
79187357	1
79188095	1
79188429	1
79188466	0
79188512	0
79188733	2
79188846	1
79189145	2
79189357	0
79189697	0
79189773	2
79190118	2
79193752	2
79193796	1
79193917	1
79194027	2
79194028	1
79194093	2
79194346	2
79194550	1
79194811	1
79194933	0
79195142	2
79195594	2
79195829	0
79196060	2
79196168	2
79196316	0
79196441	2
79196748	2
79196972	0
79197068	0
79197151	0
79197417	2
79197503	2
79197563	1
79197691	1
79197834	1
79197903	0
79197928	2
80050064	1
80050144	1
80050625	0
80050645	1
80050754	0
80051053	2
80051237	1
80051992	1
80052151	2
80052225	2
80053174	2
80053403	1
80053599	1
80053613	1
80053682	0
80053749	2
80054009	2
80054061	1
80054166	1
80055712	2
80055921	0
80056141	1
80056218	2
80056235	2
80056390	0
80056520	2
80056578	0
80056720	0
80056767	2
80056789	2
80056863	1
80057006	2
80057291	2
80057335	1
80058003	2
80058172	2
80058228	1
80058437	1
80058539	2
80058749	1
80058771	1
80058841	1
80058872	2
80059045	0
80059079	2
80059118	0
80059190	0
80059203	2
80059242	0
80059324	1
80059338	1
80059362	2
80059451	0
80059665	2
80059799	1
80059939	0
80060015	2
81169563	0
81169928	2
81170146	0
81170244	0
81170419	2
81170491	1
81170861	0
81171616	0
81171736	0
81172057	1
81172077	2
81172348	0
81172598	2
81174459	1
81174535	2
81176223	0
81176286	2
81176504	1
81176506	0
81176534	1
81176574	1
81176650	1
81176672	2
81176923	2
81176951	1
81177034	1
81177456	0
81177780	0
81177836	1
81177955	1
81178003	1
81178007	2
81178016	0
81178513	0
81178821	2
81178980	2
81179349	1
81179473	2
81179800	2
81211518	2
81212019	1
81212076	1
81213046	2
81213147	2
81213627	2
81213652	1
81213726	1
81213766	1
81213820	2
81213904	1
81214894	2
81214896	2
81215052	1
81215474	0
81215562	2
81988861	0
81989508	0
81989954	1
81990273	1
81990318	1
81990447	1
81990560	2
81990794	0
81990891	0
81990952	1
81991018	2
81991119	1
81991158	0
81991168	0
81991227	0
81991310	0
81991330	2
81991465	1
81991486	0
81991664	0
81991717	1
81991738	0
81991877	2
81992011	1
81992074	1
81992249	0
81992349	1
81992407	0
81992417	0
81992487	0
81992855	2
81993022	0
81993136	0
81993145	1
81993643	1
81993695	1
81993807	2
81994619	0
81994623	2
81994871	0
81995233	2
81995294	0
81995317	0
81995385	2
81995507	0
81995666	2
81995718	2
81995828	0
81995838	1
81996080	1
81996092	0
81996415	2
81996499	0
81996571	1
81996585	0
81996594	1
81996695	2
81996764	0
81996997	1
82509276	1
82509602	0
82509653	1
82509678	0
82509691	2
82510064	1
82510163	1
82510201	1
82510207	1
82510259	1
82510416	0
82510452	2
82510693	1
82510755	2
82510796	1
82511191	0
82511193	0
82511269	1
82511345	0
82511565	1
82511766	1
82512042	1
82512093	0
82512145	2
82512212	2
82512299	0
82512461	2
82512578	0
82512623	1
82512662	2
82512854	1
82512916	2
82513014	2
82513064	1
82513289	2
82513444	0
82513470	1
82513588	1
82514466	2
82515092	2
82515898	1
82515944	2
82516074	0
82516283	1
82516775	0
82516918	0
82516994	1
82517281	1
82517296	0
82517329	0
82517414	1
82517602	1
82517625	1
82517629	1
82517646	2
82517839	0
82518099	2
82518151	0
82518158	0
82518322	0
82518378	2
82518429	2
82672831	0
82672977	2
82673563	1
82673621	0
82673764	0
82673786	2
82673833	0
82673954	0
82674035	1
82674083	1
82674199	1
82674219	0
82674290	2
82674474	1
82674497	1
82674566	0
82674634	0
82674902	0
82675151	1
82675706	2
82675810	1
82675851	1
82675864	2
82676265	0
82676486	2
82676543	1
82676609	1
82676738	2
82677093	1
82677133	0
82677176	2
82677284	1
82677993	0
82678292	0
82678393	0
82678469	1
82678736	1
82679055	1
82679243	0
82679458	2
82679485	0
82679560	1
82679677	0
82679834	1
82679835	0
82679887	0
82680253	2
82680378	2
82680423	2
82680424	1
82680469	2
82680470	1
82681076	1
82681107	1
82681160	1
82681227	2
82681477	0
82681805	0
82681854	0
82681996	2
82682106	2
82682363	0
82835535	0
82837138	1
82837194	2
82837247	0
82837308	0
82837312	2
82837330	2
82837331	1
82837376	2
82837743	0
82837899	2
82838018	1
82838077	2
82838136	2
82838193	1
82838269	2
82838312	1
82838802	2
82838854	0
82838894	0
82838938	1
82839115	1
82839413	2
82839436	1
82839573	0
82839684	1
82839844	2
82839983	1
82840144	1
82840157	2
82840428	0
82840462	0
82840508	0
82840755	0
82841006	2
82841168	0
82841468	0
82841631	0
82841658	1
82843258	0
82843268	2
82843728	2
82843785	2
82843839	1
82844107	1
82844291	0
82844422	1
82844485	0
82844546	2
82844564	2
82844697	2
82844705	0
82844714	1
82844765	0
82844934	0
82844981	2
82845186	1
82845268	0
82845272	0
82845290	1
82845308	1
82845437	0
82845501	0
82846065	0
82846118	1
82846910	1
82847304	1
82847369	2
82847436	0
82847466	0
82847641	0
82847678	1
82848803	0
82849021	1
82849272	0
82849313	1
82849685	0
82850000	0
82850069	2
82850303	2
82850414	1
82850521	2
82850583	0
82850978	0
82851542	0
82851670	0
82852118	2
82852342	1
82852373	1
82852510	1
82852668	1
82852809	0
82852894	1
82853085	0
82853149	0
82853150	0
82853187	0
83254598	0
83254794	0
83254916	0
83254924	1
83254939	1
83255051	2
83255088	2
83255121	0
83255316	1
83255367	1
83255476	1
83255486	0
83255526	2
83255916	1
83256060	2
83256065	0
83256123	1
83256193	0
83256253	2
83256366	2
83256679	0
83257052	1
83257061	2
83257167	1
83257336	0
83257650	2
83257763	1
83257925	2
83257950	0
83258038	1
83258131	0
83258489	1
83258590	0
83258604	1
83258608	2
83258613	0
83258702	0
83259537	1
83267294	1
83267573	2
83267635	1
83267942	2
83268278	1
83268301	1
83268482	2
83268491	2
83268587	1
83268638	0
83269010	1
83269109	2
83269290	0
83269499	2
83269519	1
83269583	0
83269790	2
83269935	1
83270091	0
83270140	2
83270141	2
83270494	0
83270521	1
83270696	1
83270768	1
83271356	2
83271419	1
83271502	0
83271979	2
83271996	1
83272186	1
83272206	2
84030151	0
84030164	2
84030311	2
84030355	2
84030639	1
84031114	1
84031161	1
84033089	0
84033317	0
84033718	0
84033731	2
84033733	2
84033936	1
84034023	2
84034398	0
84034743	0
84034785	2
84047300	2
84047815	1
84047934	0
84048054	0
84048095	1
84048109	2
84048182	1
84048187	0
84048241	2
84048359	1
84048438	0
84048462	2
84049308	1
84049338	1
84049369	2
84049378	2
84049530	0
84049696	1
84049718	0
84049777	1
84049993	1
84050095	2
84050258	0
84050322	0
84050364	0
84050420	2
84050466	0
84050868	0
84050878	1
84051155	2
84051273	2
84051300	1
84051334	1
84051926	1
84051983	1
84304558	1
84304614	1
84304741	0
84304907	1
84304976	0
84304985	0
84305046	1
84305051	1
84305178	1
84305262	1
84305417	0
84305541	1
84305736	0
84305899	2
84306204	1
84306221	2
84306277	0
84306362	1
84306519	1
84306860	0
84307023	0
84307215	0
84307329	2
84308244	1
84308252	1
84308263	0
84308560	1
84308648	1
84310560	1
84310764	1
84311025	1
84311133	1
84311137	1
84311234	0
84311599	0
84311715	1
84311760	1
84311983	0
84312057	1
84312474	1
84312565	0
84312586	1
84312699	1
84312749	1
84312991	0
84313039	2
84313129	0
84313212	1
84313352	1
84313575	1
84313582	0
84313769	2
84313808	2
84314069	0
84314150	1
84314215	1
84314324	0
84314377	0
84314382	2
84314450	0
84314754	2
84314756	1
84314858	0
84314916	2
84317392	1
84317684	1
84317743	0
84317772	1
84317814	1
84318003	1
84318040	2
84318062	1
84318134	0
84318238	0
84318290	1
84318313	0
84318394	0
84318783	0
84318790	2
84318962	0
84319101	2
84319228	1
84319348	2
84319495	1
84319654	0
84319703	0
84319756	0
84319834	1
84320081	0
84320238	0
84320492	1
84320701	0
84320750	0
84321017	1
84321176	1
84321217	0
84321454	0
84321548	1
84321613	0
84321911	0
